1 2 3 4 5 6 7 8 9 10 11 12 13 14 15 16
4 17 18 19 8 20 21 22 12 23 24 25 16 26 27 28
19 29 30 31 22 32 33 34 25 35 36 37 28 38 39 40
31 41 42 1 34 43 44 5 37 45 46 9 40 47 48 13
13 14 15 16 49 50 51 52 53 54 55 56 57 58 59 60
16 26 27 28 52 61 62 63 56 64 65 66 60 67 68 69
28 38 39 40 63 70 71 72 66 73 74 75 69 76 77 78
40 47 48 13 72 79 80 49 75 81 82 53 78 83 84 57
57 58 59 60 85 86 87 88 89 90 91 92 93 94 95 96
78 83 84 57 108 115 116 85 111 117 118 89 114 119 120 93
121 122 123 124 125 126 127 128 129 130 131 132 133 134 135 136
124 137 138 121 128 139 140 125 132 141 142 129 136 143 144 133
133 134 135 136 145 146 147 148 149 150 151 152 69 153 154 155