1.4 0.0 2.4
1.4 -0.784 2.4
0.784 -1.4 2.4
0.0 -1.4 2.4
1.3375 0.0 2.53125
1.3375 -0.749 2.53125
0.749 -1.3375 2.53125
0.0 -1.3375 2.53125
1.4375 0.0 2.53125
1.4375 -0.805 2.53125
0.805 -1.4375 2.53125
0.0 -1.4375 2.53125
1.5 0.0 2.4
1.5 -0.84 2.4
0.84 -1.5 2.4
0.0 -1.5 2.4
-0.784 -1.4 2.4
-1.4 -0.784 2.4
-1.4 0.0 2.4
-0.749 -1.3375 2.53125
-1.3375 -0.749 2.53125
-1.3375 0.0 2.53125
-0.805 -1.4375 2.53125
-1.4375 -0.805 2.53125
-1.4375 0.0 2.53125
-0.84 -1.5 2.4
-1.5 -0.84 2.4
-1.5 0.0 2.4
-1.4 0.784 2.4
-0.784 1.4 2.4
0.0 1.4 2.4
-1.3375 0.749 2.53125
-0.749 1.3375 2.53125
0.0 1.3375 2.53125
-1.4375 0.805 2.53125
-0.805 1.4375 2.53125
0.0 1.4375 2.53125
-1.5 0.84 2.4
-0.84 1.5 2.4
0.0 1.5 2.4
0.784 1.4 2.4
1.4 0.784 2.4
0.749 1.3375 2.53125
1.3375 0.749 2.53125
0.805 1.4375 2.53125
1.4375 0.805 2.53125
0.84 1.5 2.4
1.5 0.84 2.4
1.75 0.0 1.875
1.75 -0.98 1.875
0.98 -1.75 1.875
0.0 -1.75 1.875
2.0 0.0 1.35
2.0 -1.12 1.35
1.12 -2.0 1.35
0.0 -2.0 1.35
2.0 0.0 0.9
2.0 -1.12 0.9
1.12 -2.0 0.9
0.0 -2.0 0.9
-0.98 -1.75 1.875
-1.75 -0.98 1.875
-1.75 0.0 1.875
-1.12 -2.0 1.35
-2.0 -1.12 1.35
-2.0 0.0 1.35
-1.12 -2.0 0.9
-2.0 -1.12 0.9
-2.0 0.0 0.9
-1.75 0.98 1.875
-0.98 1.75 1.875
0.0 1.75 1.875
-2.0 1.12 1.35
-1.12 2.0 1.35
0.0 2.0 1.35
-2.0 1.12 0.9
-1.12 2.0 0.9
0.0 2.0 0.9
0.98 1.75 1.875
1.75 0.98 1.875
1.12 2.0 1.35
2.0 1.12 1.35
1.12 2.0 0.9
2.0 1.12 0.9









